56374965067
94482869842
49824423224
36199908968
36113906358
97322820701
83470971015
43166542997
64297761101
09121334959
70048401585
04310194814
31865823359
15076627953
27714422600
62525569102
33328262089
79912355582
49958361727
13018513967
69860386265
86157576555
75698429661
45511773699
95784709299
60389596803
65179376428
09547710372
39017522587
67639379082
23819040059
46318955485
17172066746
44252495085
36275118597
08520425799
40283728258
13034748139
31545931686
66811522304
02159348949
73474379523
04733401770
00875554093
39250871221
14416710230
90282343259
81916449776
09865709392
53942944922
51375976065
78238722258
98687813576
69049977377
84290454289
47831430959
89703837130
40287959267
34007114327
47914445298
24007499294
59331637209
27634868550
97754649809
60539059762
45804030899
94004059733
68214072259
83776537020
07162500683
57723965422
46975326370
22667400418
31115216950
52996484154
16297312119
72188104751
25783320213
89786568471
30317989063
52755582564
73898301479
72848329592
64710373783
25693736963
88416165260
46365630616
16736643883
66428342679
12559262361
56361324226
14492151838
25148795523
80912786949
26562911133
73610019226
63408057004
38245377093
50056320864
22425927464
28981652051
34412910882
94018651017
29676639849
48781035931
51995352044
41257243764
77263508632
45151888669
09108497089
25817633518
83366056832
03862925646
39313146737
69387434624
76190646618
39388648167
31210472268
33159560401
06033223684
09546496577
23328461117
76744405825
16373806670
90471564478
16340724354
16206045475
94208831442
31596590212
03575901774
74050546596
83870382792
72592091208
82083932136
69931954342
43643890480
92230689157
38292764965
25623428664
25319112998
27487335940
94487890895
12873603363
34614693503
03248538259
05261330233
61468781010
89080564444
94402825377
49745113165
92705438317
93627068131
54439734266
74761865437
39662292099
35499995440
82204967465
72723211505
41554880246
35895052487
06806810645
70727949987
13717810025
66162787654
22051526540
90731639731
71229568954
60054871757
80914716224
28516081403
19106184515
27680254556
64723080083
06878654153
38054759001
66811522304
82437954279
40713549768
84861066292
81763351646
39652372913
16519614038
89786568471
28209456586
48519794041
75649957335
83615861853
93429402206
41250134480
08341019171
59085202737
51434565483
76800243813
83144654870
58261905074
73743629702
66146537246
82982703969
10183260564
48085896911
13111004600
97777467199
90209342264
16258689332
12440511892
80739952837
46444224287
19209611919
16206045475
31576852349
57138911500
81903106523
59331637209
82780656138
41747497062
08862092843
80510383741
89946136168
10805597798
69124546903
50543673030
00797545499
97757544171
86584135790
70918039508
99536445151
49211653483
85615770904
23978209856
60662885319
58287241417
51551944807
89793297891
15647006648
27171661989
47912362364
77030595816
10895006287
20522956096
07744852339
21207970333
81287680987
11611988455
44694404326
61434045521
17444678821
20562085589
00539590066
44876755655
82645809976
07798536623
72508159738
06308280230
14564931411
19449192577
60491277759
63513560109
35138031830
38292764965
92825144412
55025688712
22336590444
79754171167
49512653928
39256450263
90963054936
26908107669
14613516160
04267454289
83564481630
58367339618
00062870929
82130706378
16736643883
73630124164
25516645008
64837319627
13914796510
93792987782
81685110359
87161494058
29133967905
74752128225
32288426718
60809564805
13392372442
72055938649
55188583941
74202834548
44393250071
87358471038
49132764924
34412910882
84703484451
53978265983
86509017244
59891678049
39597906039
12866198501
88304861622
92630545586
06240782338
99861754144
15311890854
56225431577
40601139736
82423692805
34412910882
27979591680
77011988305
23225160617
07833563810
28986909256
43437853045
68762948603
07227358659
92645714552
21908224340
48484716321
61282797437
91853067012
46598134311
29407221139
45511773699
62165912272
75822135110
56282945280
84491695445
04915822299
26249786747
25319112998
42850218832
70196635920
31596590212
67183136609
37880249818
92245639637
67175788971
80080335570
47878648601
07375047000
14075321676
22565885448
41841883615
92585106425
28309002000
93320115919
02785580720
76018878107
81830464468
22742323816
50470837935
03667946519
83980769291
24326660493
06475976801
45699940895
28289509095
39888408195
48373337936
23564265682
15622588313
50438062395
41815505713
94651575276
62356431317
55149348511
09562096364
63136291405
28280273850
49723248395
65274190121
99130818999
18715526757
36120807937
83943967864
90139256147
62046642277
01693348733
27457471036
56631322562
17147784135
77822217787
98408016575
94338784178
77868952056
47556987967
44401038393
68622499371
28198719046
27312609234
36048804954
06361703779
41237798879
92230689157
49251427967
45295739919
61520678968
67553743185
90979893127
